IRAS,    Name,    RA, DE,   Cat, H-Ks(e), W1-W3(e),    Teff,    LIR, Porb,    ecc, yes/no, [Fe/H],  [Zn/Ti], TTurnOff,    Ref
# -   -   hhm-Desmet- magnetarmag k%  D-  -   Sunsun  k-
IRAS01427+4633,  [BD+46.442],            01 45 47.03   , +46 49 00.97  , Cat. 1,        0.46 0.07, 2.83 0.05,  6250,   16,  140.82 , 0.0 , no , -0.7, -0.2 ,     , h
IRAS04166+5719,  [TW Cam],               04 20 48.1    , +57 26 26.    , Cat. 1,        0.57 0.05, 3.01 0.08,  4800,   46,  662.2  , 0.25, yes, -0.5,  0.3 , 1100, a
IRAS04440+2605,  [RV Tau],               04 47 06.8    , +26 10 44.    , Cat. 1,        0.61 0.03, 3.67 0.09,  4500,   39, 1198.0  ,     , yes, -0.4,  0.5 , 1100, a
IRAS06160-1701,  [UY CMa],               06 18 16.367  , -17 02 34.72  , Cat. 1,        0.59 0.06, 3.84 0.04,  5500,   69,         ,     , no ,  0.0,  1.8 , 1000, a
              ,  [EZ Gem],               06 46 04.47   , +13 05 02.4   , Cat. 1,        0.77     , 2.43 0.03,  6555,   53,         ,     , no ,  0.0,      ,     , b
IRAS06489-0118,  [SZ Mon],               06 51 27.8362 , -01 22 16.018 , Cat. 1,        0.55 0.07, 3.05 0.04,  4700,   38,         ,     , no , -0.4,  0.8 , 1500, b
IRAS07008+1050,  [HD52961],              07 03 39.6314 , +10 46 13.067 , Cat. 1,        0.45 0.04, 2.13 0.08,  6000,   16, 1288.6  , 0.23, yes, -4.8,  3.0 , 1100, a
IRAS07140-2321,  [SAO173329],            07 16 08.271  , -23 27 01.61  , Cat. 1,        0.56 0.04, 3.64 0.04,  7000,   33,  115.9  , 0.0 , no , -0.8, -0.1 ,     , a
IRAS08005-2356,  [V510 Pup],             08 00 32.63   , -23 56 15.    , Cat. 1,        1.01 0.04, 3.66 0.09,  7000,   67, 2654.0  , 0.36, no , -1.0,      ,     , m
IRAS08544-4431,  [V390 Vel],             08 56 14.182  , -44 43 10.73  , Cat. 1,        0.97 0.25, 3.14 0.4 ,  7250,   29,  501.1  , 0.2 , no , -0.5,  0.9 , 1200, a
IRAS09060-2807,  [BZ Pyx],               09 08 10.1    , -28 19 10.    , Cat. 1,        0.99 0.05, 2.91 0.06,  6500,   74,  372.0  ,     , yes, -0.5,  0.2 ,     , a
IRAS09144-4933,  [],                     09 16 09.1    , -49 46 06.    , Cat. 1,        0.71 0.04, 3.43 0.08,  5750,   78, 1762.0  , 0.3 , no , -0.5,      , 1400, a
IRAS09256-6324,  [IW Car],               09 26 53.4    , -63 37 48.    , Cat. 1,        0.69 0.26, 3.71 0.2 ,  6700,   87, 1449.0  ,     , yes, -1.0,  2.1 , 1100, a
IRAS09538-7622,  [GP Cha],               09 53 58.5    , -76 36 53.    , Cat. 1,        0.8  0.05, 3.0  0.05,  5500,   95,         ,     , yes, -0.5,  0.0 ,     , a
IRAS10158-2844,  [HR4049],               10 18 07.5903 , -28 59 31.201 , Cat. 1,        1.0  0.3 , 2.73 0.12,  7500,   26,  430.6  , 0.3 , yes, -4.5,      ,  800, a
IRAS11000-6153,  [HD95767],              11 02 04.314  , -62 09 42.84  , Cat. 1,        0.82 0.05, 3.36 0.1 ,  7600,   84, 1989.0  , 0.25, yes,  0.1,      ,     , a
IRAS11118-5726,  [GKCar],                11 14 01.3    , -57 43 09.    , Cat. 1,        0.49 0.05, 4.06 0.03,  5500,   64,         ,     , no , -1.3,  1.2 , 1000, a
IRAS11235-5921,  [CN Cen],               11 25 47.87   , -59 37 55.9   , Cat. 1,        0.43 0.03, 3.29 0.03,  5000,   45,         ,     , no , -1.0,      ,     , b
IRAS11385-5517,  [HD101584],             11 40 58.80553, -55 34 25.8169, Cat. 1,        1.12 0.26, 3.53 0.19,  7000,  135,         ,     , no ,  0.0,      ,     , j
IRAS12185-4856,  [SX Cen],               12 21 12.6    , -49 12 41.    , Cat. 1,        0.65 0.04, 3.46 0.06,  6000,   30,  564.3  , 0.0 , yes, -1.0,  1.5 , 1100, a
IRAS12222-4652,  [HD108015],             12 24 53.501  , -47 09 07.51  , Cat. 1,        1.02 0.05, 3.93 0.09,  7000,  108,  906.3  , 0.0 , no , -0.1,  0.1 ,     , a
IRAS13085-6747,  [PX Mus],               13 11 57.46   , -68 03 35.3   , Cat. 1,        0.46 0.03, 2.8  0.03,  5000,   12,  770.   ,     , yes,  0.0,      ,     , b
IRAS13258-8103,  [],                     13 31 07.1    , -81 18 30.    , Cat. 1,        1.06 0.03, 3.09 0.04,  6000,  284,         ,     , no ,  0.0,      ,     , a
IRAS14524-6838,  [EN TrA HD131356],     14 57 00.684  , -68 50 22.879 , Cat. 1,        0.63 0.04, 3.57 0.08,  6000,   78, 1488.   , 0.32, no , -0.5,  0.55, 1300, a
IRAS15469-5311,      [],                 15 50 44.0    , -53 20 44.    , Cat. 1,        1.06 0.05, 3.36 0.09,  7500,   95,  390.2  , 0.08, no ,  0.0,  1.8 , 1300, a
IRAS16230-3410,       [],                16 26 20.29   , -34 17 12.3   , Cat. 1,        0.6  0.05, 3.95 0.04,  6250,   53,  649.8  , 0.0 , no , -0.5,  1.0 , 1500, a
IRAS17038-4815,        [],               17 07 36.3    , -48 19 08.    , Cat. 1,        0.46 0.04, 4.25 0.06,  4750,   91, 1394.0  , 0.63, no , -1.5,  0.7 , 1400, a
IRAS17111-1819, [HD155720],             17 14 03.070  , -18 22 39.513 , Cat. 1,        0.36 0.04, 3.36 0.05,  4250,   19,  712.   ,     , no , -1.0,      ,     , n
IRAS17243-4348, [LR Sco],               17 27 56.1    , -43 50 48.    , Cat. 1,        0.79 0.04, 3.4  0.07,  6250,   79,  475.   ,     , no ,  0.0,  0.8 , 1400, a
IRAS17250-5951, [UY Ara],               17 29 28.9495 , -59 54 02.040 , Cat. 1,        0.53 0.03, 3.55 0.03,  5500,   52,         ,     , no , -1.0,  1.4 , 1000, b
IRAS17279-1119, [HD 158616 V340 Sgr], 17 30 46.9247 , -11 22 08.283 , Cat. 1,        0.69 0.05, 2.5  0.06,  7400,   29,  363.3  , 0.0 , no , -0.7,  0.0 ,     , b
IRAS17534+2603, [89 Her],               17 55 25.1889 , +26 02 59.966 , Cat. 1,        0.61 0.28, 3.06     ,  6500,   42,  289.1  , 0.29, no ,  0.0,  0.6 , 1500, a
IRAS17530-3348, [AI Sco],               17 56 18.5    , -33 48 47.    , Cat. 1,        0.61 0.04, 3.1  0.08,  5000,   60,  977.   ,     , yes,  0.0,  0.3 , 1100, a
IRAS18123+0511, []      ,               18 14 49.4    , +05 12 55.    , Cat. 1,        0.64 0.04, 3.77 0.07,  5000,  117,         ,     , no ,  0.0,      ,     , a
IRAS18548-0552, [BZ Sct],               18 57 33.42   , -05 47 55.7   , Cat. 1,        0.48 0.03, 4.42 0.03,  6250,   63,         ,     , no , -0.8,  1.3 , 1000, k
IRAS19135+3937, []       ,              19 15 12.5    , +39 42 51.0   , Cat. 1,        0.56 0.03, 3.16 0.04,  6000,   28,  126.97 , 0.13, no , -0.5,  0.5 , 1500, l
IRAS19157-0247, [V1801 Aql],            19 18 22.5    , -02 42 09.    , Cat. 1,        1.07 0.04, 3.61 0.07,  7750,   86,  119.8  , 0.34, no ,  0.0,      , 1500, a
IRAS19199+3950, [HP Lyr],               19 21 39.07   , +39 56 08.1   , Cat. 1,        0.64 0.03, 3.77 0.05,  6300,   91, 1818.   , 0.2 , no , -1.0,  2.6 , 1300, i
IRAS19370+0829, [EZ Aql],               19 39 29.676  , +08 36 27.94  , Cat. 1,        0.62 0.03, 3.02 0.03,  5500,   25,         ,     , no , -1.0,      ,     , b
IRAS19410+3733, [HD186438],             19 42 52.92   , +37 40 41.46  , Cat. 1,        0.33 0.02, 3.12 0.06,  6500,   23,         ,     , no , -1.0,      ,     , b
IRAS19587+3928, [GK Cyg],              20 00 34.48   , +39 36 35.7   , Cat. 1,        0.33 0.03, 2.96 0.03,  5250,   25,         ,     , no ,  0.0,      ,     , b
IRAS19580-3038, [V1711 Sgr],            20 01 07.9832 , -30 30 38.877 , Cat. 1,        0.49 0.06, 3.44 0.03,  5000,   51,         ,     , no , -1.2,      ,     , b
IRAS20094+3721, []       ,              20 11 16.814  , +37 30 52.04  , Cat. 1,        0.37 0.03, 3.53 0.04,  5750,   16,         ,     , no ,  0.0,      ,     , n
IRAS20117+1634, [R_Sge],                20 14 03.8    , +16 43 35.    , Cat. 1,        0.67 0.03, 3.27 0.1 ,  5750,   92,         ,     , no , -0.5,  1.1 , 1200, a
IRAS20131+2554, [V*EF_Vul],             20 15 18.60   , +26 03 37.94  , Cat. 1,        0.38 0.06, 3.35 0.03,  4250,   35,         ,     , no ,  0.0,      ,     , n
IRAS20343+2625, [V Vul],               20 36 31.8    , +26 36 17.    , Cat. 1,        0.57 0.06, 2.75 0.08,  5250,   24,         ,     , no ,  0.0, -0.1 ,     , a
IRAS20401+2550, [HD 340949],           20 42 20.668  , +26 01 22.36  , Cat. 1,        0.34 0.03, 2.44 0.11,  5000,   18,         ,     , no ,  0.0,      ,     , n
IRAS22223+5556, [BT Lac],              22 24 13.77   , +56 11 33.3   , Cat. 1,        0.64 0.04, 3.33 0.03,  5250,   78,  650.   ,     , yes,  0.0,  0.5 , 1400, b
IRAS22327-1731, [HD213985],             22 35 27.5259 , +39 56 08.1   , Cat. 1,        0.89 0.05, 3.18 0.07,  8250,   45,  259.6  , 0.21, yes, -1.0,      , 1000, a
IRAS05208-2035, []       ,              05 22 59.423  , -20 32 53.03  , Cat. 3,        0.25 0.05, 4.38 0.05,  4000,   39,  234.38 , 0.0 , no ,  0.0,      ,     , a
IRAS06072+0953, [CT Ori],               06 09 57.9906 , +09 52 31.869 , Cat. 3,        0.26 0.05, 4.18 0.05,  5500,   55,         ,     , no , -2.0,  1.9 , 1200, a
IRAS06165+3158, []      ,               06 19 50.625  , +31 56 58.16  , Cat. 3,        0.08 0.03, 3.85 0.04,  6555,    8,  262.6  , 0.0 , no ,  0.0,  0.0 ,     , b
IRAS06452-3456, []      ,               06 47 00.5    , -34 59 53.    , Cat. 3,        0.29 0.04, 2.7  0.06,  6000,   11,  215.4  , 0.0 , no ,  0.0,      ,     , i
IRAS07284-0940, [U Mon],                07 30 47.5    , -09 46 37.    , Cat. 3,        0.18 0.32, 4.04 0.32,  5000,   23, 2550.   , 0.25, yes, -0.8,  0.0 ,     , a
IRAS07331+0021, [AI CMi],               07 35 41.15   , +00 14 58.00  , Cat. 3,        0.28 0.03, 3.8  0.09,  6000,   21,         ,     , no ,  0.0,      ,     , e
IRAS16278-5526, [GZ Nor],               16 31 53.2    , -55 33 08.    , Cat. 3,        0.21 0.03, 3.56 0.03,  4750,   22,         ,     , no , -2.0,  0.8 ,  800, c
IRAS19163+2745, [EP Lyr],               19 18 19.5    , +27 51 03.2   , Cat. 3,        0.02 0.04, 2.71 0.03,  7000,    2, 1151.   , 0.39, yes, -1.5,  1.3 ,  800, a
IRAS21216+1803, [AU Peg],               21 24 00.2439 , +18 16 43.778 , Cat. 3,        0.26 0.03, 3.08 0.05,  5750,   19,   53.   ,     , no , -0.2,      ,     , n
IRAS22251+5406, []      ,               22 27 05.12   , +54 21 29.16  , Cat. 3,        0.1  0.05, 3.76 0.04,  6125,   17,         ,     , no ,  0.0,      ,     , n
IRAS06034+1354, [DY Ori],               06 06 14.91   , +13 54 19.1   , Cat. 2,        0.23 0.02, 5.1  0.05,  6000,   55, 1248.   , 0.22, no , -2.0,  2.1 , 1000, a
IRAS06472-3713, [ST Pup],               06 48 56.4131 , -37 16 33.332 , Cat. 2,        0.16 0.06, 5.3  0.03,  5750,   72,  417.4  , 0.0 , no , -1.5,  2.1 ,  800, a
IRAS11472-0800, [AF Crt],               11 49 48.5    , -08 17 21.    , Cat. 2,        0.41 0.03, 6.4  0.02,  5750,  183,         ,     , no , -2.5,  3.4 , 1000, a
IRAS12067-4508, [RU Cen],               12 09 23.7    , -45 25 35.    , Cat. 2,        0.24 0.05, 4.95 0.05,  6000,   40, 1489.0  , 0.62, no , -2.0,  1.0 ,  800, a
IRAS17233-4330, [V1504 Sco],            17 26 57.5    , -43 33 13.    , Cat. 2,        1.18 0.04, 5.19 0.03,  6250,  469,  735.   ,     , yes, -1.0,  1.4 , 1000, a
IRAS18281+2149, [AC Her],               18 30 16.2    , +21 52 00.    , Cat. 2,        0.2  0.02, 5.41 0.08,  5500,   21, 1188.9  , 0.0 , no , -1.5,  1.0 , 1200, a
IRAS18564-0814, [AD Aql],               18 59 08.1    , -08 10 14.    , Cat. 2,        0.08 0.03, 5.07 0.03,  6300,   51,         ,     , no , -2.1,  2.5 , 1000, a
IRAS06054+2237, [SS Gem],               06 08 35.1084 , +22 37 01.937 , Cat. 4,        0.12 0.04, 0.83 0.05,  5400,    1,         ,     , no , -1.0,  2.0 , 1100, b
IRAS06338+5333, [HD46703],              06 37 52.42   , +53 31 01.957 , Cat. 4,        0.05 0.02, 2.25 0.03,  6250,    2,  597.4  , 0.3 , no , -1.5,  0.9 ,  800, a
IRAS13110-5425, [HD114855],             13 14 08.26   , -54 41 34.63  , Cat. 4,        0.11 0.05, 0.38 0.07,  6000,    2,         ,     , no ,  0.0,      ,     , g
IRASF15240+1452,[HD137569],             15 26 20.81   , +14 41 36.33  , Cat. 4,        0.04 0.02, 0.17 0.03, 12000,    0,  530.   ,     , no , -3.0,      ,     , d
IRAS16399-6247, [CPD-62 5428],          16 44 35.37   , -62 53 26.00  , Cat. 4,        0.06 0.03, 1.08 0.03,  7500,    6,         ,     , no , -1.0,      ,     , g
              , [CC Lyr],               18 33 57.4147 , +31 38 24.181 , Cat. 4,        0.17 0.03, 1.87 0.03,  6250,    3,         ,     , no , -3.5,      , 1000, f
IRAS18448-0545, [R_Sct],              18 47 28.95   , -05 42 18.54  , Cat. 4,        0.16 0.37, 1.0  0.31,  4500,    3,         ,     , no , -0.5,      ,     , b
IRAS20160+2734, [AU Vul],               20 18 05.886  , +27 44 03.69  , Cat. 4,        0.2  0.05, 1.09 0.06,  6000,    6,         ,     , no ,  0.0,      ,     , n
              , [BD+394926],            22 46 11.2273 , +40 06 26.294 , Cat. 4,        0.02 0.02, 0.64 0.03,  7500,    0,  871.7  ,     , no , -2.9,  2.0 , 1000, a
IRAS06108+2743, [SU Gem],               06 14 00.0227 , +27 42 12.218 , Cat. 0,        1.45 0.04, 3.1  0.08,  5750,  792,  690.   ,     , yes, -0.7,  0.5 , 1400, a
IRAS06176-1036, [HD 44179],             06 19 58.2160 , -10 38 14.691 , Cat. 0,        1.44 0.25, 4.48 0.28,  7500, 1034,  317.6  , 0.27, no , -3.3,      , 1000, a
IRAS08011-3627, [AR Pup],               08 03 01.1    , -36 35 47.    , Cat. 0,        1.51 0.05, 3.66 0.4 ,  6000,  915, 1250.   ,     , yes, -1.0,      , 1200, a
IRAS15556-5444, []       ,              15 59 32.1    , -54 53 18.    , Cat. 0,        1.16 0.04, 3.94 0.08,  6000,  265,         ,     , no ,  0.0,      ,     , a
IRAS18158-3445, []        ,             18 19 13.6    , -34 44 32.    , Cat. 0,        1.27 0.04, 3.19 0.04,  6500,  262,         ,     , no ,  0.0,      ,     , a
IRAS19125+0343, [BD+03 3950],           19 15 01.1809 , +03 48 42.703 , Cat. 0,        1.29 0.04, 3.38 0.14,  7750,  133,  519.7  , 0.24, yes, -0.5,  2.3 , 1400, a
IRAS19472+4254, [DF Cyg],               19 48 53.9423 , +43 02 14.529 , Cat. 0,        1.16 0.02, 2.9  0.04,  4800,   51,  784.   ,     , yes,  0.0, -0.7 ,     , b
IRAS19548+1951, [RS Sge],               19 57 06.38   , +19 59 43.7   , Cat. 0,        1.35 0.04, 2.85 0.05,  6000,  308,         ,     , yes,  0.0,      ,     , b
IRAS20056+1834, [QY Sge],               20 07 54.8    , +18 42 57.    , Cat. 0,        1.36 0.04, 4.43 0.07,  5850,  574,         ,     , no , -0.4,  1.2 , 1500, a
IRAS10456-5712, [HD93662],              10 47 38.3965 , -57 28 02.679 , Uncategorized, 0.35 0.30,          ,  4250,   44,  572.   ,     , no ,  0.0,      ,     ,  

