Title: WIYN Open Cluster Study. XCVII. An Extended Radial-Velocity Survey 
       and Spectroscopic Binary Orbits in the Open Cluster NGC 188 
Authors: Narayan R.S., Linck E., Mathieu R.D., Geller A.M. 
Table: Orbital Parameters of NGC 188 Single-Lined Binaries
================================================================================
Byte-by-byte Description of file: ajae2d14t6_mrt.txt
--------------------------------------------------------------------------------
   Bytes Format Units    Label  Explanations
--------------------------------------------------------------------------------
   1-  4 I4     ---      PKM    WOCS ID, I. Platais et al. (2003) [2003AAS...202.2705P]
   6- 17 F12.6  d        Per    Orbital period
  19- 30 F12.7  d      e_Per    Uncertainty in Per
  32- 38 F7.1   ---      Ncyc   Number of orbital cycles observed
  40- 45 F6.2   km.s-1   gamma  Center-of-mass radial velocity
  47- 50 F4.2   km.s-1 e_gamma  Uncertainty in gamma
  52- 56 F5.2   km.s-1   K      Orbital semi-amplitude velocity
  58- 61 F4.2   km.s-1 e_K      Uncertainty in K
  63- 67 F5.3   ---      e      Orbital eccentricity
  69- 73 F5.3   ---    e_e      Uncertainty in e
  75- 79 F5.1   deg      omega  Longitude of periastron
  81- 84 F4.1   deg    e_omega  Uncertainty in omega
  86- 93 F8.2   d        T0     Truncated heliocentric Julian date of periastron passage; HJD-2400000
  95-100 F6.2   d      e_T0     Uncertainty in T0
 102-109 F8.3   10+6km   asini  Projected semi-major axis
 111-117 F7.3   10+6km e_asini  Uncertainty in asini
 119-125 F7.5   Msun     fm     Mass function
 127-132 A6     Msun   e_fm     Uncertainty in fm
 134-138 F5.3   km.s-1   sig    RMS residual velocity
 140-141 I2     ---      Nobs   Number of observations
--------------------------------------------------------------------------------
 269   553.          3.           11.3 -42.1  0.4   7.1  0.9  0.72  0.05   69.  12.  55313.    17.     38.      6.    0.007   0.003  0.886 15 
 583   119.78        0.04         55.1 -41.22 0.14  6.27 0.22 0.18  0.04   64.  12.  55474.     4.     10.2     0.4   0.0029  0.0003 0.618 20 
3719    51.5745      0.0016      128.6 -43.06 0.22 28.1  0.4  0.562 0.008 225.8  1.4 56022.17   0.12   16.46    0.24  0.067   0.003  0.959 23 
3755    10.32601     0.00009     642.2 -42.6  0.3  39.1  0.4  0.206 0.011  72.   3.  55602.72   0.08    5.43    0.06  0.0598  0.0018 1.083 19 
3953   940.4         2.5           7.1 -41.14 0.14  4.51 0.19 0.04  0.04  240.  70.  56340.   170.     58.2     2.5   0.0089  0.0011 0.633 24 
4022    54.8616      0.0021      104.7 -42.79 0.23 23.9  0.4  0.471 0.016 233.   3.  55957.7    0.4    15.9     0.3   0.054   0.003  0.714 15 
4038  1361.          3.            4.9 -42.83 0.21  9.4  0.5  0.58  0.05  271.   3.  56435.     7.    143.     10.    0.063   0.011  0.544 22 
4122    41.3357      0.0014      138.5 -42.4  0.3  27.9  0.7  0.423 0.014 206.   3.  55777.4    0.3    14.4     0.4   0.069   0.005  1.012 15 
4125  4900.         40.            1.8 -42.72 0.08  6.04 0.15 0.439 0.022 161.   3.  50890.    40.    366.     10.    0.081   0.006  0.518 41 
4187     7.94637     0.00006     834.5 -41.2  0.3  27.0  0.4  0.267 0.017 258.   4.  55928.46   0.08    2.84    0.04  0.0145  0.0007 1.054 18 
4230     0.455609    0.0000010 21391.0 -40.8  0.8  43.6  1.0  0.04  0.03  240.  40.  53913.97   0.05    0.273   0.006 0.0039  0.0003 4.256 32 
4508     2.043215    0.000009   3182.1 -42.00 0.22 20.1  0.3  0.033 0.018 344.  22.  54774.64   0.12    0.564   0.009 0.00172 8e-05  0.744 17 
4523    97.937       0.005        58.5 -42.17 0.18 23.8  0.4  0.696 0.008 147.1  1.6 55945.09   0.24   23.0     0.5   0.05    0.003  0.823 22 
4593    64.829       0.024       100.3 -43.4  1.   20.3  1.7  0.25  0.08  223.  18.  55666.     3.     17.6     1.5   0.051   0.013  4.325 22 
4609   559.5         1.           15.6 -42.09 0.21  6.0  0.6  0.45  0.07   61.   9.  54414.     9.     41.      4.    0.009   0.003  0.937 23 
4627  1507.3         1.0           4.3 -41.5  0.4  12.4  0.6  0.812 0.017 241.   6.  56263.     3.    150.     10.    0.059   0.01   1.323 16 
4843  1241.7         1.1           6.3 -42.29 0.05  5.61 0.06 0.163 0.010 253.   5.  56741.    15.     94.5     1.    0.0218  0.0007 0.314 54 
4858   605.9         0.9          10.9 -40.86 0.20  9.8  0.5  0.54  0.03  338.   4.  56050.     6.     69.      4.    0.035   0.005  0.916 24 
4945  5110.         50.            1.1 -40.5  0.7   7.3  1.2  0.48  0.07  253.   9.  54330.    90.    450.     70.    0.14    0.07   0.917 15 
5020 38000.       7000.            0.3 -44.5  1.    3.3  0.3  0.74  0.16  329.   9.  51850.   150.   1100.    300.    0.04    0.05   0.347 27 
5084    58.645       0.006       116.6 -42.9  0.3  27.7  0.5  0.497 0.012 185.0  1.1 53998.4    0.3    19.4     0.4   0.084   0.005  0.513 17 
5103    13.4606      0.0008      272.9 -42.2  0.4  41.2  0.7  0.037 0.018 152.  15.  54692.8    0.6     7.63    0.13  0.098   0.005  0.881 12 
5107    64.18        0.03         83.4 -41.3  0.6  10.0  0.8  0.13  0.08  340.  40.  55376.     7.      8.8     0.7   0.0066  0.0016 1.656 12 
5115     7.86389     0.00008     784.3 -41.85 0.25 18.3  0.4  0.023 0.020 130.  50.  56077.9    1.0     1.98    0.04  0.005   0.0003 1.024 18 
5144    20.785       0.006       176.7 -42.5  0.4  30.   3.   0.48  0.06  200.6  2.0 54768.90   0.11    7.6     0.8   0.04    0.013  0.776  9 
5396   237.66        0.11         24.4 -41.6  0.3  11.5  0.5  0.38  0.04  257.   7.  56326.     3.     34.8     1.7   0.03    0.004  1.13  16 
5454   757.25        0.14         12.6 -41.32 0.09 14.8  0.3  0.750 0.007 339.5  1.1 53364.1    0.7   101.7     2.3   0.073   0.005  0.597 48 
5497   831.          5.            7.8 -41.6  0.3   4.0  0.6  0.19  0.12   40.  30.  55270.    80.     44.      6.    0.005   0.0022 0.746 13 
5520   191.37        0.06         24.0 -43.17 0.24  6.0  1.9  0.64  0.08  352.   7.  56248.     3.     12.      4.    0.002   0.0018 0.471 13 
5627   107.52        0.04         58.1 -42.56 0.20  6.6  0.5  0.42  0.04   27.   8.  55131.5    2.2     8.8     0.7   0.0024  0.0006 0.701 16 
5733     1.168511    0.000003   2983.1 -41.8  0.7  60.8  1.1  0.021 0.017 180.  40.  51869.56   0.14    0.976   0.017 0.0272  0.0015 3.44  28 
6201    37.537       0.003       149.6 -42.14 0.24 15.3  0.4  0.275 0.020 332.   4.  55963.3    0.4     7.60    0.18  0.0124  0.0009 0.823 18 
8104  3460.        100.            1.9 -40.6  0.4   5.31 0.22 0.12  0.05  110.  30.  57900.   400.    251.     10.    0.052   0.007  0.763 25 
8406  2938.         24.            3.0 -42.20 0.06  1.75 0.07 0.08  0.04   20.  40.  52500.   300.     70.      3.    0.00161 0.0002 0.411 68 
8719   225.44        0.18         25.4 -42.0  0.3   7.6  0.3  0.28  0.05   40.  12.  56040.     7.     22.5     1.1   0.009   0.0012 0.866 14 

